800
0.000184
0.000259
0.000353
0.000566
0.000904
0.001263
0.001784
0.002571
0.003563
0.004815
0.006272
0.008114
0.010127
0.012582
0.015472
0.018475
0.022355
0.026427
0.030923
0.035799
0.041229
0.047524
0.053915
0.061246
0.069156
0.07771
0.08675
0.096585
0.107183
0.118285
0.130962
0.152676
0.160052
0.183434
0.206517
0.22348
0.239463
0.292615
0.293723
0.333084
0.411957
0.357442
0.371783
0.480965
0.578588
0.413063
0.440155
0.489142
0.499578
0.604518
0.559499
0.67563
0.647641
0.662078
0.788234
0.810141
1.12836
0.943798
0.965389
1.09285
1.17463
1.1318
1.10341
1.0936
1.1523
1.28815
1.30849
1.31715
1.54181
2.26547
1.75142
2.26503
1.93984
1.70057
1.76498
2.01988
2.0975
2.17451
2.28217
2.45439
2.46268
2.67115
2.98399
3.09846
2.72975
2.67736
2.84199
2.88219
3.30686
3.7789
3.24057
3.62535
3.55189
3.69129
3.99442
3.95482
4.18135
4.39568
4.35111
4.31835
4.97765
4.99269
5.49041
5.26194
8.05092
5.65901
6.05701
6.02219
6.82083
7.09971
6.67458
18.0225
10.9817
7.68986
11.5031
10.1411
7.45273
8.17123
7.44309
8.39416
7.96067
8.64959
9.28336
9.71012
8.6942
9.02645
9.1245
9.32248
9.48525
9.89415
9.86667
10.5265
10.341
11.1239
11.0397
11.7302
11.7341
14.531
12.2353
12.224
12.3086
12.6893
12.902
13.1303
13.6728
14.2157
14.1161
14.3903
16.0523
17.3231
15.9135
15.4658
16.0939
16.5269
22.2082
21.8535
21.8759
21.866
21.3516
22.1087
21.439
20.1618
19.9057
19.6858
19.914
23.1258
21.6053
22.5896
23.2855
23.3028
24.496
28.8501
40.8486
95.3861
51.8649
26.1939
26.074
25.852
33.6095
32.9939
31.6449
32.0249
29.3254
28.7931
30.8858
36.601
53.1141
59.2381
104.302
105.274
83.8949
74.2283
63.3268
58.4668
60.5095
65.1988
56.5656
78.538
49.229
38.1015
42.2305
39.8785
38.7624
39.8866
41.5741
43.1535
44.5606
42.1189
43.2963
43.0783
45.1876
44.6931
45.4035
46.8795
49.1547
48.3622
47.8524
49.1094
78.8054
103.915
223.455
51.6601
51.5605
52.1727
51.1772
51.8221
52.9315
54.1524
53.7303
56.7599
56.3683
57.1987
58.4342
67.3323
76.3878
109.976
119.702
122.722
112.067
168.274
111.514
65.9531
69.8976
65.9907
68.6134
72.225
75.008
111.653
116.157
72.6955
73.4698
75.1478
73.0352
74.5182
74.926
78.9398
77.7769
81.1042
83.5297
168.406
110.687
94.986
93.834
89.5447
91.1189
93.0873
93.3002
97.5829
108.523
163.365
111.258
97.3185
96.397
102.066
179.274
145.657
102.965
106.302
102.162
115.591
225.502
112.805
118.781
110.498
112.383
113.985
112.678
113.761
114.205
123.586
160.391
182.556
124.305
130.244
163.025
125.214
180.502
131.532
129.313
188.222
131.214
132.847
132.976
148.856
145.539
140.879
140.206
141.096
203.428
174.153
179.276
178.231
174.77
153.842
156.515
155.058
164.562
203.937
158.509
204.869
164.515
168.322
166.534
166.748
324.223
178.709
184.689
171.681
211.37
174.438
180.487
177.479
183.113
217.161
183.661
190.708
278.294
394.592
433.349
430.495
400.893
203.976
205.45
204.756
517.704
334.711
280.865
369.094
239.781
213.601
235.013
219.918
233.435
219.928
217.947
232.278
232.085
237.461
244.883
230.786
239.108
232.433
237.556
335.552
241.615
395.453
329.662
472.561
302.859
253.046
285.05
516.006
750.577
257.68
261.531
272.163
278.192
303.902
270.052
273.224
277.981
365.785
277.15
361.856
293.396
282.699
284.142
293.31
290.481
298.277
293.84
298.425
304.815
446.864
323.799
304.677
315.623
338.607
490.314
347.109
396.794
518.361
632.522
598.903
678.756
554.173
476.253
444.724
341.285
399.293
414.355
379.391
446.4
434.143
429.307
367.309
363.827
366.452
365.003
378.868
368.834
372.269
376.301
375.376
379.538
382.538
386.682
392.265
410.736
394.632
401.282
405.16
492.161
462.351
436.591
479.295
536.403
497.904
502.104
601.37
544.738
520.866
519.05
521.541
480.906
439.199
554.353
469.31
506.466
590.643
631.997
535.1
528.792
523.372
608.516
591.401
490.544
516.949
531.023
539.899
511.459
871.372
787.832
644.481
678.478
521.998
683.567
545.447
545.385
540.259
553.277
565.814
829.499
647.134
800.827
779.259
537.956
568.837
551.372
571.15
615.107
1159
676.898
639.882
647.115
600.957
589.379
676.666
580.778
582.877
639.531
810.767
1103.62
853.947
796.563
942.96
1026.48
1137.02
760.369
1231.39
835.758
1146.15
853.16
708.952
711.158
658.789
1552.91
745.741
657.918
661.086
668.464
682.6
953.151
1211.56
733.243
850.52
871.751
1076.16
992.775
756.1
714.358
710.947
939.33
1020.93
751.831
724.918
728.707
740.948
756.201
743.89
748.538
1438.29
793.775
757.148
1608.4
1063.76
789.235
2876.8
1138.14
1183.15
978.843
1852.84
3897.42
2450.01
864.459
1809.71
1408.15
879.722
981.855
1021.53
1001.73
1170.76
969.958
942.56
974.302
952.603
917.366
956.757
979.583
992.553
970.356
989.932
1042.35
1017.24
998.51
1004.79
1061.52
1118.01
1022.87
1115.07
1201.2
1065.92
1314.34
1207.72
1141.86
1106.15
1251.65
1320.81
1339.12
1165.46
1098.05
1119.62
1108.08
1122.84
1289.25
1214.49
1340.48
1274.83
1474.47
1263.07
1466.39
1260.87
1204.65
1277.54
1267.69
1214.06
1803.52
1527.66
1350.11
1237.57
1487.37
1638.04
1346.46
1277.27
1761.34
2135.53
1504.31
2349.01
1339.33
2339.11
2454.38
1619.84
1518.36
1354.3
1476.86
1404.62
1403.8
1545.03
1479.53
1389.67
1407.89
1472.36
1445.89
1426.94
1450
1529.35
1440.08
1462.58
1579.45
1475.62
1516.93
1561.88
1603.62
1744.86
1953.73
1666.93
1680.65
1677.89
1662.14
1644.91
1714.26
1766.7
1724.62
1795.4
1780.38
1733.18
1764.78
1719.74
1807.02
1805.82
1796.29
1939.07
1758.19
1796.79
1800.47
1740.62
1880.44
1874.59
1952.08
1917.47
1930.01
1991.97
2085.04
2098.02
2123.55
2112.26
2095.23
1878.7
1855.08
1882.47
1852.1
1878.16
1909.9
1955.57
1834.88
1943.49
1959.37
2074.58
2110.2
2005.01
1848.67
1848.72
1874.28
1843.59
1868.27
1877.05
1887.32
1883.84
1958.58
1975.8
1942.75
1876.5
1858.77
1898.55
1899.68
1904.05
1905.92
2101.37
1941.13
1906.95
1931.45
2079.48
2295.08
2285.61
2220.81
2308.21
2027.08
2024.64
2030.37
2037.67
2055.36
2041.95
2096.57
2071.98
2066.13
2061.98
2074.55
2064.72
2058.5
2073.37
2140.05
2140.62
2168.92
2143.53
2175.27
2165.71
3733.11
2398.98
2826.49
2515.43
2463.44
3305.96
3926.44
3978.23
2316.18
2272.78
2286.13
2287.24
2565.18
2305.99
2305.54
2371.51
2483.59
2565.78
2686.9
3140.11
3044.88
2490.78
2490.95
2481.74
2475.77
2498.43
2559.6
3902.89
3251.3
3721.39
4652.92
3480.74
2698.31
2717.37
4756.12
4386.26
3260.98
2743.97
3462.33
3538.08
3701.87
3802.53
4779.77
3345.49
2974.32
2744.54
2799.57
2811.5
2860.64
2880.83
2855.62
2861.95
2852.13
3038.14
2941.87
2934.82
3045.52
2994.67
4540.69
4230.37
4051.73
3968.76
3908.02
4486.14
3579.36
3052.22
3049.62
3095.22
3068.54
3113.48
3226.48
4063.23
4824.54
3392.99
